-0.219589
0.025552
-0.34216
-0.34216
-0.34216
-0.403445
-0.403445
-0.280875
-0.097019
-0.035733
-0.34216
-0.158304
-0.158304
-0.097019
-0.097019
-0.280875
-0.464731
-0.280875
-0.097019
-0.158304
-0.219589
-0.219589
-0.219589
-0.035733
-0.035733
-0.219589
-0.158304
-0.34216
-0.219589
-0.158304
-0.280875
-0.34216
-0.097019
0.025552
0.025552
-0.097019
-0.097019
-0.035733
-0.158304
-0.158304
-0.219589
-0.219589
-0.34216
-0.280875
-0.097019
-0.035733
-0.035733
-0.097019
-0.158304
-0.035733
-0.035733
-0.158304
-0.280875
-0.280875
-0.219589
-0.158304
-0.158304
-0.219589
-0.158304
-0.158304
0.025552
0.086837
-0.097019
-0.097019
-0.280875
-0.280875
-0.158304
-0.158304
-0.219589
-0.158304
-0.097019
0.148123
0.025552
-0.097019
-0.219589
-0.219589
-0.097019
-0.158304
-0.158304
-0.158304
-0.158304
-0.035733
-0.035733
0.025552
-0.097019
-0.035733
-0.158304
-0.158304
-0.158304
-0.097019
-0.280875
-0.34216
-0.158304
-0.158304
-0.035733
-0.035733
-0.158304
-0.158304
-0.035733
-0.097019
-0.219589
-0.158304
-0.158304
-0.280875
-0.097019
-0.035733
0.025552
-0.035733
-0.035733
-0.035733
-0.280875
-0.219589
-0.158304
-0.158304
-0.158304
-0.158304
-0.158304
-0.035733
-0.097019
-0.035733
-0.035733
0.025552
0.086837
-0.035733
-0.097019
-0.219589
-0.158304
-0.158304
-0.219589
-0.219589
-0.219589
-0.097019
0.025552
0.025552
-0.035733
-0.158304
-0.097019
-0.158304
-0.219589
-0.219589
-0.219589
0.025552
-0.035733
-0.097019
-0.035733
-0.035733
-0.097019
-0.097019
-0.280875
-0.219589
-0.097019
-0.035733
-0.097019
-0.097019
0.025552
0.025552
0.086837
-0.097019
-0.280875
-0.035733
-0.158304
-0.097019
-0.035733
-0.097019
-0.158304
-0.097019
0.086837
-0.158304
0.025552
0.209408
0.086837
-0.035733
-0.280875
-0.158304
-0.158304
-0.035733
-0.097019
-0.158304
-0.280875
-0.280875
-0.158304
-0.219589
-0.097019
-0.097019
-0.035733
-0.035733
-0.035733
-0.035733
-0.158304
-0.219589
-0.158304
-0.158304
-0.097019
-0.097019
-0.097019
-0.035733
-0.035733
-0.035733
-0.097019
-0.158304
-0.035733
-0.097019
-0.035733
-0.158304
-0.097019
-0.035733
-0.097019
0.025552
-0.035733
-0.035733
-0.158304
-0.158304
-0.158304
-0.097019
-0.097019
-0.158304
-0.097019
-0.097019
0.025552
0.025552
-0.035733
-0.158304
-0.158304
-0.158304
-0.219589
-0.219589
-0.097019
-0.035733
0.025552
0.086837
-0.035733
-0.035733
-0.035733
-0.035733
-0.035733
-0.158304
-0.097019
-0.158304
-0.097019
-0.097019
-0.035733
0.025552
-0.035733
-0.158304
-0.097019
-0.035733
-0.158304
-0.219589
-0.219589
-0.219589
-0.035733
-0.035733
0.025552
-0.035733
-0.097019
-0.158304
-0.219589
-0.097019
-0.035733
-0.219589
-0.158304
-0.158304
-0.097019
-0.035733
-0.097019
-0.219589
-0.158304
-0.158304
-0.158304
-0.097019
-0.158304
-0.035733
0.025552
0.148123
0.148123
0.086837
-0.035733
-0.097019
-0.097019
-0.219589
-0.158304
-0.035733
0.086837
0.086837
0.025552
-0.035733
-0.097019
-0.035733
0.086837
-0.035733
-0.035733
-0.219589
-0.097019
-0.035733
-0.097019
0.025552
0.025552
0.025552
0.025552
-0.035733
-0.097019
-0.035733
-0.097019
-0.158304
-0.158304
-0.035733
-0.097019
-0.035733
-0.158304
0.025552
0.086837
0.086837
0.025552
0.025552
-0.035733
-0.097019
-0.097019
-0.158304
-0.097019
0.025552
-0.035733
-0.158304
0.025552
0.148123
0.086837
-0.097019
0.025552
0.086837
-0.097019
-0.34216
0.025552
-0.158304
0.025552
-0.097019
0.025552
-0.097019
0.025552
-0.097019
-0.035733
0.086837
-0.035733
-0.280875
-0.158304
-0.035733
-0.158304
-0.097019
0.025552
0.148123
0.086837
0.025552
0.086837
0.086837
-0.097019
-0.035733
-0.158304
-0.097019
-0.097019
-0.158304
-0.035733
0.025552
-0.035733
-0.035733
-0.035733
0.086837
0.148123
0.025552
-0.158304
-0.097019
-0.035733
-0.035733
0.025552
-0.035733
0.086837
0.025552
-0.035733
0.025552
0.086837
0.025552
0.025552
-0.097019
-0.158304
-0.035733
-0.035733
-0.097019
-0.035733
0.025552
0.086837
0.025552
0.086837
0.270693
-0.035733
-0.035733
-0.035733
-0.097019
-0.097019
-0.035733
0.025552
0.148123
0.025552
0.025552
0.086837
0.086837
0.086837
-0.035733
0.025552
0.025552
-0.158304
-0.035733
0.025552
0.025552
-0.035733
0.086837
0.270693
0.209408
0.086837
-0.035733
-0.035733
0.025552
0.025552
-0.158304
-0.035733
0.086837
0.148123
0.025552
-0.035733
0.148123
0.209408
0.086837
0.025552
0.086837
0.025552
-0.035733
-0.035733
0.025552
0.148123
0.148123
-0.035733
0.086837
0.209408
0.209408
0.148123
-0.097019
-0.035733
0.025552
-0.035733
-0.158304
-0.035733
-0.035733
0.025552
0.025552
0.025552
0.025552
0.086837
0.086837
0.025552
0.086837
0.086837
-0.097019
-0.097019
0.025552
0.025552
-0.035733
0.025552
0.025552
0.025552
0.086837
0.148123
0.148123
-0.035733
0.025552
-0.097019
-0.035733
-0.158304
-0.097019
0.025552
0.025552
0.086837
0.086837
0.086837
0.086837
0.025552
-0.097019
0.086837
0.025552
-0.097019
-0.219589
-0.035733
0.086837
0.086837
-0.035733
0.025552
0.086837
0.086837
0.086837
0.148123
0.086837
-0.035733
-0.097019
-0.097019
-0.035733
0.025552
0.025552
0.209408
0.086837
0.086837
0.086837
0.148123
0.148123
0.025552
0.025552
0.086837
0.086837
-0.097019
0.025552
0.148123
0.025552
0.025552
0.025552
0.086837
0.148123
0.025552
0.086837
0.086837
0.086837
-0.097019
0.148123
0.086837
0.086837
0.025552
0.086837
0.148123
0.086837
0.086837
0.148123
0.148123
0.086837
0.086837
-0.158304
0.025552
0.086837
0.086837
0.086837
0.148123
0.209408
0.148123
-0.035733
0.086837
0.086837
0.025552
-0.219589
-0.097019
-0.097019
-0.035733
0.086837
0.209408
0.209408
0.086837
0.148123
0.148123
0.086837
0.148123
0.086837
0.025552
-0.097019
0.025552
0.025552
0.025552
-0.035733
0.025552
-0.035733
0.025552
0.025552
0.209408
0.209408
0.148123
0.025552
0.025552
0.086837
-0.035733
-0.035733
0.025552
0.148123
0.025552
-0.035733
0.086837
0.270693
0.086837
0.025552
0.086837
0.148123
0.025552
-0.158304
-0.158304
0.025552
-0.035733
0.025552
0.086837
0.209408
0.086837
0.148123
0.148123
0.209408
0.086837
0.025552
0.086837
-0.035733
0.025552
0.086837
-0.035733
0.148123
0.209408
0.086837
0.086837
0.148123
0.148123
0.086837
-0.097019
-0.035733
0.025552
0.086837
-0.035733
0.025552
0.086837
0.331979
0.148123
0.086837
0.025552
0.086837
0.148123
-0.035733
-0.097019
-0.035733
-0.035733
-0.097019
0.025552
0.025552
0.086837
0.025552
0.025552
0.209408
0.209408
0.086837
0.025552
0.025552
-0.035733
-0.035733
-0.035733
0.148123
0.209408
0.025552
0.086837
0.209408
0.209408
0.086837
0.086837
0.148123
-0.035733
-0.097019
-0.035733
0.025552
-0.158304
0.086837
0.209408
0.025552
0.086837
0.025552
0.148123
0.148123
-0.035733
-0.097019
-0.158304
-0.158304
-0.097019
-0.035733
0.331979
0.025552
0.331979
0.148123
-0.097019
0.025552
0.025552
-0.035733
-0.219589
-0.035733
0.025552
0.086837
-0.035733
-0.035733
0.025552
0.209408
0.086837
-0.035733
-0.035733
0.025552
-0.097019
-0.158304
-0.035733
0.025552
-0.035733
0.025552
-0.035733
0.148123
0.209408
0.086837
0.025552
0.209408
0.025552
-0.097019
-0.097019
-0.035733
-0.035733
-0.158304
0.025552
0.025552
0.086837
-0.035733
0.025552
0.148123
0.148123
-0.035733
0.025552
-0.158304
0.025552
-0.219589
0.025552
-0.035733
-0.035733
-0.035733
0.086837
0.209408
0.025552
-0.035733
-0.035733
-0.097019
-0.097019
-0.158304
-0.158304
0.025552
0.086837
0.025552
-0.097019
0.086837
0.148123
0.086837
0.086837
-0.097019
-0.035733
0.025552
0.025552
-0.097019
0.025552
0.086837
0.086837
0.086837
0.025552
0.148123
0.209408
0.025552
0.025552
-0.158304
-0.097019
-0.035733
-0.097019
0.025552
0.025552
0.086837
0.148123
0.025552
0.148123
0.148123
0.148123
0.025552
0.025552
0.025552
0.025552
-0.097019
0.025552
-0.035733
0.025552
-0.097019
0.148123
0.148123
0.086837
0.086837
0.209408
0.086837
0.086837
-0.097019
-0.035733
0.025552
-0.035733
-0.035733
0.025552
0.086837
0.086837
0.086837
0.025552
0.086837
0.086837
-0.280875
-0.097019
0.025552
-0.158304
-0.158304
-0.035733
0.148123
0.148123
0.086837
0.148123
0.209408
0.148123
-0.097019
0.025552
0.086837
-0.280875
-0.035733
0.025552
-0.035733
0.025552
-0.035733
0.209408
0.209408
0.025552
-0.035733
0.025552
-0.035733
-0.158304
-0.097019
-0.097019
-0.035733
-0.097019
0.086837
0.086837
-0.035733
0.148123
0.270693
0.148123
0.025552
0.025552
-0.035733
-0.097019
-0.158304
-0.097019
0.086837
0.148123
0.025552
-0.035733
0.086837
0.148123
0.086837
0.086837
0.148123
-0.035733
0.025552
-0.158304
0.025552
-0.035733
-0.035733
0.025552
0.086837
0.148123
0.086837
0.025552
0.148123
0.025552
0.025552
-0.158304
-0.035733
-0.035733
-0.097019
-0.097019
0.025552
0.086837
0.025552
0.086837
0.025552
0.148123
0.086837
-0.035733
-0.035733
0.086837
-0.097019
-0.219589
-0.035733
0.025552
0.086837
0.025552
-0.097019
0.086837
0.209408
0.148123
0.025552
-0.035733
-0.035733
-0.097019
-0.280875
-0.035733
-0.035733
-0.035733
-0.035733
0.086837
0.086837
0.086837
0.086837
-0.035733
0.025552
0.025552
-0.035733
-0.097019
0.025552
-0.035733
0.025552
0.148123
0.270693
0.148123
0.086837
0.025552
0.025552
-0.035733
-0.035733
-0.035733
-0.097019
-0.035733
-0.035733
0.148123
-0.035733
0.025552
0.148123
0.025552
-0.158304
-0.035733
-0.035733
0.025552
-0.035733
0.025552
0.148123
0.148123
0.086837
0.025552
0.148123
0.086837
-0.035733
-0.035733
-0.035733
0.086837
-0.035733
0.025552
0.025552
0.148123
0.209408
0.086837
0.025552
0.025552
-0.035733
-0.097019
-0.158304
-0.035733
0.209408
0.148123
0.086837
0.086837
0.148123
0.086837
-0.158304
-0.035733
-0.035733
0.025552
0.025552
-0.097019
0.086837
0.086837
0.086837
0.086837
-0.035733
-0.097019
0.025552
-0.035733
-0.035733
-0.035733
0.086837
0.025552
0.086837
0.086837
0.148123
-0.035733
-0.035733
-0.097019
-0.035733
-0.035733
-0.158304
0.086837
0.086837
0.148123
0.086837
0.086837
-0.097019
0.209408
-0.097019
0.270693
0.331979
0.393264
0.148123
0.148123
0.331979
0.270693
0.148123
0.086837
0.209408
-0.035733
0.148123
0.086837
-0.035733
-0.158304
-0.035733
-0.035733
-0.097019
0.086837
0.209408
0.025552
-0.097019
-0.097019
-0.097019
0.025552
0.025552
0.086837
0.209408
0.148123
0.209408
0.025552
0.025552
-0.035733
-0.035733
-0.158304
-0.158304
-0.097019
-0.035733
0.086837
0.086837
0.086837
0.086837
0.025552
-0.035733
-0.158304
-0.097019
-0.158304
0.025552
0.209408
0.148123
0.148123
0.086837
-0.035733
-0.035733
-0.035733
-0.097019
-0.158304
0.025552
0.025552
0.025552
0.086837
0.025552
0.086837
0.086837
0.086837
0.025552
0.025552
-0.158304
-0.035733
0.025552
0.148123
-0.035733
-0.035733
0.025552
0.025552
0.086837
0.025552
0.025552
0.025552
0.025552
-0.097019
-0.097019
0.025552
0.025552
0.025552
-0.035733
0.086837
0.209408
0.148123
0.025552
-0.158304
-0.035733
0.086837
-0.097019
-0.035733
-0.097019
0.025552
0.086837
0.025552
0.209408
0.086837
0.025552
0.025552
0.086837
0.025552
-0.158304
-0.158304
0.025552
0.148123
0.086837
0.086837
0.086837
0.086837
0.209408
0.148123
-0.035733
-0.035733
0.086837
0.086837
0.086837
-0.035733
0.148123
0.270693
0.209408
0.025552
0.086837
0.025552
0.086837
0.025552
-0.035733
0.025552
0.025552
0.209408
0.025552
-0.035733
-0.097019
0.148123
0.086837
0.086837
-0.035733
-0.097019
-0.158304
-0.158304
0.086837
0.086837
0.148123
0.025552
0.086837
0.025552
-0.158304
0.025552
0.086837
0.086837
0.086837
0.025552
0.086837
0.148123
0.086837
0.086837
-0.097019
-0.097019
0.025552
-0.035733
-0.035733
-0.035733
0.086837
0.086837
0.209408
0.086837
-0.035733
-0.158304
0.025552
-0.035733
-0.158304
-0.158304
0.086837
0.025552
0.086837
0.025552
0.148123
0.209408
0.086837
-0.097019
-0.097019
-0.097019
0.025552
-0.035733
0.025552
0.025552
0.025552
-0.035733
0.025552
0.025552
0.025552
0.025552
0.148123
0.025552
0.025552
-0.035733
0.025552
-0.035733
-0.097019
-0.035733
0.025552
0.025552
0.025552
0.025552
0.148123
0.086837
0.086837
0.148123
0.025552
0.025552
-0.035733
-0.158304
-0.035733
0.025552
-0.035733
0.025552
0.086837
0.086837
0.025552
0.086837
0.086837
0.148123
0.086837
0.086837
0.025552
0.025552
0.025552
-0.158304
0.025552
-0.035733
-0.035733
-0.035733
0.086837
0.025552
0.148123
0.209408
0.148123
0.086837
0.086837
0.086837
-0.035733
-0.158304
-0.097019
-0.097019
0.025552
-0.035733
0.086837
-0.035733
0.086837
0.025552
0.086837
0.025552
0.148123
-0.035733
-0.035733
-0.158304
-0.097019
-0.158304
-0.097019
-0.158304
-0.035733
0.025552
-0.035733
-0.035733
0.025552
0.086837
-0.035733
-0.219589
-0.097019
-0.219589
-0.280875
-0.097019
-0.097019
-0.158304
-0.097019
-0.097019
0.025552
-0.158304
-0.035733
-0.035733
-0.035733
0.086837
0.025552
-0.280875
-0.097019
0.025552
0.148123
0.148123
0.209408
0.086837
-0.035733
0.086837
0.209408
-0.035733
-0.035733
-0.035733
-0.158304
-0.097019
0.086837
0.025552
0.086837
0.086837
0.148123
0.209408
0.025552
0.270693
0.270693
-0.035733
-0.097019
-0.158304
-0.219589
-0.280875
-0.280875
-0.158304
-0.280875
-0.158304
-0.035733
0.025552
0.025552
0.025552
0.025552
0.025552
-0.219589
-0.219589
-0.280875
-0.280875
-0.097019
-0.34216
-0.403445
-0.34216
-0.097019
-0.097019
-0.097019
-0.097019
-0.035733
0.025552
0.025552
0.086837
-0.158304
-0.035733
0.086837
0.148123
0.209408
0.148123
0.025552
0.086837
0.270693
0.393264
0.57712
0.209408
0.209408
0.148123
0.331979
0.331979
0.086837
0.148123
0.209408
0.086837
0.025552
0.086837
0.148123
0.270693
0.515834
0.638405
0.454549
0.393264
0.331979
0.270693
0.148123
0.086837
-0.158304
0.086837
0.270693
0.515834
0.454549
0.209408
0.209408
0.454549
0.454549
0.270693
0.209408
-0.035733
0.209408
0.57712
0.393264
0.331979
0.209408
0.331979
1.006117
1.251258
0.883546
0.270693
-0.097019
0.025552
0.331979
-0.280875
-0.832443
-0.832443
-0.097019
1.067402
1.373829
0.69969
0.148123
0.025552
0.025552
-0.158304
-0.648587
-0.832443
-0.526016
0.148123
0.454549
0.025552
-0.280875
-0.219589
0.270693
0.760976
0.69969
0.209408
0.086837
0.760976
1.680256
1.741541
1.006117
0.638405
1.128688
1.925397
1.986682
0.944832
0.086837
0.148123
1.128688
1.802826
1.925397
1.925397
2.231824
2.415679
2.415679
1.864112
1.251258
1.006117
1.61897
1.864112
1.435114
1.128688
1.189973
1.680256
2.476965
2.783391
2.783391
2.599535
2.722106
3.028533
2.967247
2.783391
2.783391
2.905962
2.722106
2.354394
2.354394
2.415679
2.722106
2.722106
2.53825
2.293109
2.354394
2.231824
2.293109
2.293109
2.109253
2.231824
2.415679
2.476965
2.476965
1.986682
1.4964
1.61897
1.986682
2.476965
2.476965
2.047968
1.802826
1.986682
2.231824
2.231824
2.109253
2.354394
2.599535
2.599535
2.415679
2.231824
2.415679
2.783391
2.967247
2.905962
2.53825
2.354394
2.293109
2.476965
2.354394
2.170538
2.170538
1.864112
1.4964
1.373829
1.61897
1.680256
1.741541
1.802826
1.802826
2.047968
2.047968
1.986682
1.925397
1.986682
2.354394
2.53825
2.415679
2.354394
2.415679
2.599535
2.783391
2.660821
2.231824
1.925397
2.170538
2.53825
3.028533
2.844677
2.293109
2.231824
2.293109
2.293109
1.986682
1.680256
1.557685
1.925397
1.986682
1.680256
1.373829
1.4964
2.047968
2.783391
2.660821
1.986682
1.61897
1.741541
1.802826
1.802826
1.4964
1.373829
1.61897
2.047968
2.476965
2.109253
1.802826
2.047968
2.660821
2.783391
2.722106
2.293109
2.170538
2.047968
2.231824
2.293109
1.925397
1.986682
2.170538
2.170538
1.986682
2.047968
2.047968
2.170538
2.109253
1.864112
2.047968
2.047968
2.170538
2.354394
2.476965
2.599535
2.660821
2.476965
2.415679
2.415679
2.415679
2.293109
2.293109
2.476965
2.476965
2.599535
2.293109
2.109253
2.354394
2.783391
2.967247
2.660821
2.53825
2.660821
3.089818
3.33496
3.33496
3.151103
3.089818
3.396245
3.45753
3.580101
3.580101
3.580101
3.45753
3.641386
3.518816
3.396245
3.396245
3.702671
4.009098
3.947813
3.702671
3.396245
3.580101
4.37681
4.744522
4.37681
3.947813
3.947813
4.192954
4.438095
4.254239
4.009098
3.947813
4.070384
4.254239
4.009098
3.825242
4.009098
4.131669
4.254239
4.192954
4.192954
4.192954
4.560666
4.683237
4.438095
4.131669
4.009098
4.315525
4.621951
4.989663
4.989663
4.683237
4.37681
4.560666
4.989663
5.418661
5.357375
5.112234
5.173519
5.418661
5.602517
5.541231
5.479946
5.663802
5.970228
5.970228
5.970228
5.847658
5.602517
5.602517
5.908943
5.970228
5.786372
5.908943
5.970228
6.154084
6.092799
5.908943
5.970228
6.154084
6.460511
6.583082
6.399226
6.399226
6.644367
6.950794
6.766938
6.276655
6.154084
6.705652
7.25722
7.379791
6.950794
6.644367
6.583082
7.012079
7.012079
6.828223
6.705652
6.583082
6.766938
7.073364
7.13465
7.073364
6.889508
6.950794
7.441076
7.686217
7.747503
7.808788
7.870074
7.747503
7.624932
7.318505
7.441076
7.502361
7.686217
7.747503
7.624932
7.624932
7.808788
7.686217
7.686217
7.686217
7.870074
7.870074
8.053929
8.053929
8.115214
8.176499
8.115214
7.992644
7.870074
7.870074
8.053929
8.176499
7.931359
7.870074
7.870074
7.25722
7.25722
7.379791
7.563647
7.931359
7.992644
7.808788
7.808788
7.747503
8.053929
8.053929
8.237785
7.808788
7.379791
7.441076
7.563647
7.686217
7.808788
7.686217
7.563647
7.502361
7.379791
7.318505
7.624932
8.115214
8.176499
7.808788
7.931359
8.115214
8.237785
8.29907
7.808788
7.747503
7.747503
7.808788
7.931359
8.176499
8.42164
8.29907
8.29907
8.29907
8.237785
8.42164
8.482926
8.605496
8.789352
8.360355
8.053929
7.686217
8.053929
8.237785
8.544211
8.360355
7.992644
7.747503
7.808788
7.992644
7.870074
7.808788
7.686217
7.808788
7.870074
7.992644
7.931359
8.176499
8.544211
8.42164
8.237785
7.808788
7.870074
7.992644
8.176499
8.053929
7.808788
7.686217
7.808788
7.808788
7.686217
7.624932
7.624932
7.747503
7.808788
7.808788
8.176499
8.666782
8.850638
8.29907
7.624932
7.318505
7.563647
8.053929
8.29907
8.360355
8.482926
8.973208
9.647347
9.769918
9.095779
8.42164
8.360355
9.586062
10.811769
10.627913
9.586062
9.095779
9.647347
10.811769
11.240766
10.566628
10.13763
10.689198
11.240766
11.302052
10.93434
10.811769
11.669763
12.711614
13.01804
12.466473
11.853619
12.037475
12.772899
13.569608
13.508323
12.956755
12.834185
13.385752
14.121176
14.550173
14.488888
14.182462
14.611459
15.285597
15.714595
15.530739
15.346883
15.530739
15.959736
16.81773
17.001587
16.879015
16.9403
17.001587
17.185442
17.124157
16.9403
16.81773
16.879015
17.491869
17.675724
17.246727
17.308012
17.675724
17.737011
17.185442
16.633875
16.9403
17.920866
19.269144
19.575569
19.269144
18.901432
19.330429
19.820711
19.636856
19.514284
19.207857
19.575569
20.372278
20.801277
20.923847
21.168989
21.536699
21.965698
22.639835
22.639835
22.272123
22.762407
23.436544
23.988113
24.29454
24.110683
24.049398
24.968678
25.949244
26.316956
26.316956
26.010529
26.378241
27.481377
28.400656
28.155516
27.542662
27.971659
29.319937
30.545643
30.85207
30.300501
30.239216
31.342352
32.445488
32.813202
32.506775
32.139065
33.119629
34.28405
34.65176
34.52919
34.28405
34.467907
35.080757
35.754898
35.509754
34.52919
33.916336
33.732483
34.03891
34.345333
34.28405
33.977623
33.793766
34.03891
34.467907
34.467907
34.40662
33.977623
33.548626
33.303486
32.935772
32.751915
32.751915
33.487339
33.977623
34.28405
34.713047
35.142044
35.325901
35.387184
35.203331
35.142044
35.325901
35.448471
35.142044
34.774334
34.713047
35.019474
35.325901
35.571041
35.509754
35.571041
35.448471
35.142044
34.958187
34.835617
35.019474
35.571041
36.061325
35.877468
35.509754
35.142044
35.448471
35.754898
35.387184
34.590477
33.855053
34.40662
35.019474
35.019474
34.65176
34.222763
34.40662
35.019474
35.019474
34.774334
34.40662
34.40662
34.52919
34.52919
34.28405
33.855053
33.732483
34.16148
34.16148
33.855053
33.609909
33.609909
33.916336
34.28405
34.713047
35.019474
35.325901
35.509754
35.693611
35.816181
36.183895
36.674175
36.796749
36.551605
36.674175
37.470886
38.390167
39.003021
39.186874
39.186874
39.922298
40.780293
41.699574
41.822144
41.76086
41.944714
42.128571
42.251141
41.76086
41.270576
40.780293
40.719009
40.719009
40.535152
40.412582
40.412582
40.412582
40.290012
40.167442
39.983585
39.922298
39.861015
39.738441
39.370731
38.57402
38.20631
38.32888
37.654743
37.593456
37.777313
38.267597
38.20631
37.470886
36.551605
36.980602
37.899883
38.390167
38.08374
37.470886
37.409599
37.777313
38.022453
37.899883
37.593456
37.409599
37.532173
37.96117
37.899883
37.899883
37.96117
38.20631
38.45145
37.899883
37.470886
37.593456
38.145023
38.512737
38.32888
38.08374
38.57402
39.186874
39.615871
39.554588
39.677158
39.983585
40.290012
40.596439
40.719009
40.964149
41.577003
42.251141
42.312428
42.067287
41.699574
41.76086
41.699574
41.148006
40.106155
39.493301
39.370731
39.248161
38.57402
37.470886
36.796749
36.674175
36.551605
36.122608
35.509754
35.080757
35.019474
34.835617
33.977623
32.997059
32.200348
31.771349
31.893919
32.200348
32.016491
31.710064
31.342352
31.403637
31.648779
31.648779
31.342352
31.09721
31.158497
31.281067
31.035925
30.361788
30.055361
30.177931
30.361788
30.055361
29.442507
28.829655
28.645798
29.074795
29.319937
29.13608
28.339371
27.910374
27.910374
27.971659
28.032944
27.787804
27.297522
26.868523
26.807238
27.05238
27.297522
26.991095
26.316956
25.704102
25.458961
25.826674
26.071814
25.826674
25.581532
25.397676
25.33639
25.275105
25.21382
25.397676
25.397676
25.275105
24.846107
24.53968
24.29454
24.41711
24.478395
24.478395
24.171968
23.865543
23.804256
24.049398
24.110683
24.049398
23.681686
23.559116
23.620401
23.130119
22.45598
22.026983
21.659271
21.781841
21.414129
20.678705
20.249708
20.004566
19.943281
19.820711
19.575569
19.452999
19.269144
19.146572
18.717575
18.411148
18.349863
18.227293
18.349863
18.53372
18.349863
18.472433
18.595005
18.77886
18.717575
18.77886
18.595005
18.472433
18.104723
17.982151
17.798296
17.491869
17.246727
17.001587
17.185442
17.369299
17.491869
17.614439
17
