Hurricane Data
Date,Hour,Latitude,Longitude,Windspeed,Pressure
05-Jun-2001,12,27.5,95.0,46,1007
05-Jun-2001,18,28.5,95.3,58,1002
06-Jun-2001,0,29.3,95.3,52,1003
06-Jun-2001,6,30.1,95.2,35,1006
06-Jun-2001,12,31.0,95.2,23,1005
06-Jun-2001,18,31.5,95.0,23,1005
07-Jun-2001,0,31.6,95.0,23,1005
07-Jun-2001,6,31.8,94.9,23,1006
07-Jun-2001,12,31.4,94.9,23,1006
07-Jun-2001,18,31.1,95.0,17,1007
08-Jun-2001,0,30.9,95.6,17,1002
08-Jun-2001,6,30.7,96.1,23,1004
08-Jun-2001,12,30.4,96.2,23,1007
08-Jun-2001,18,30.2,96.1,23,1007
09-Jun-2001,0,29.9,95.9,23,1007
09-Jun-2001,6,29.6,95.8,23,1007
09-Jun-2001,12,29.3,95.8,23,1007
09-Jun-2001,18,28.9,95.6,23,1008
10-Jun-2001,0,28.6,95.2,23,1008
10-Jun-2001,6,28.6,94.7,29,1007
10-Jun-2001,12,28.7,94.3,29,1006
10-Jun-2001,18,28.8,93.5,35,1006
11-Jun-2001,0,29.1,92.3,35,1005
11-Jun-2001,6,30.0,90.5,40,1003
11-Jun-2001,12,30.7,89.4,46,1000
11-Jun-2001,18,31.0,88.4,40,1002
12-Jun-2001,0,31.3,87.4,29,1004
12-Jun-2001,6,31.8,86.1,23,1005
12-Jun-2001,12,32.4,84.7,23,1006
12-Jun-2001,18,32.8,83.6,23,1006
13-Jun-2001,0,33.1,82.6,23,1006
13-Jun-2001,6,33.4,81.6,29,1004
13-Jun-2001,12,33.7,80.7,29,1005
13-Jun-2001,18,34.0,79.6,29,1006
14-Jun-2001,0,34.3,78.5,29,1006
14-Jun-2001,6,34.6,77.9,29,1006
14-Jun-2001,12,34.7,77.7,29,1007
14-Jun-2001,18,34.6,77.6,29,1008
15-Jun-2001,0,34.6,77.2,29,1008
15-Jun-2001,6,34.9,77.0,29,1008
15-Jun-2001,12,35.5,76.9,29,1008
15-Jun-2001,18,35.9,76.8,29,1009
16-Jun-2001,0,36.3,76.6,29,1007
16-Jun-2001,6,36.6,76.2,29,1007
16-Jun-2001,12,36.8,75.9,29,1007
16-Jun-2001,18,37.2,75.5,29,1006
17-Jun-2001,0,37.8,75.4,29,1006
17-Jun-2001,6,38.6,74.5,35,1005
17-Jun-2001,12,39.3,73.4,46,1004
17-Jun-2001,18,40.0,72.1,40,1005
18-Jun-2001,0,40.6,70.8,35,1006
18-Jun-2001,6,41.3,69.4,35,1008
18-Jun-2001,12,42.0,67.4,35,1009
18-Jun-2001,18,42.7,64.6,29,1011
19-Jun-2001,0,43.5,61.0,23,1012
02-Aug-2001,12,25.7,84.8,35,1011
02-Aug-2001,18,26.2,84.9,52,1010
03-Aug-2001,0,26.4,85.6,46,1007
03-Aug-2001,6,26.6,86.3,40,1008
03-Aug-2001,12,26.9,87.0,40,1007
03-Aug-2001,18,26.8,87.2,40,1007
04-Aug-2001,0,26.7,87.5,35,1005
04-Aug-2001,6,26.6,87.8,35,1005
04-Aug-2001,12,26.9,87.7,35,1006
04-Aug-2001,18,27.1,87.5,40,1005
05-Aug-2001,0,27.3,87.3,40,1003
05-Aug-2001,6,27.5,86.7,46,1004
05-Aug-2001,12,28.1,86.4,58,990
05-Aug-2001,18,28.6,86.4,69,991
06-Aug-2001,0,29.5,86.3,69,992
06-Aug-2001,6,30.6,86.4,69,991
06-Aug-2001,12,31.8,86.9,29,1007
06-Aug-2001,18,32.7,87.7,23,1009
07-Aug-2001,0,33.3,88.5,17,1012
07-Aug-2001,6,34.0,89.1,17,1015
07-Aug-2001,12,34.7,89.7,12,1017
07-Aug-2001,18,35.6,89.8,12,1018
08-Aug-2001,0,36.6,89.9,12,1016
08-Aug-2001,6,37.5,90.0,12,1017
14-Aug-2001,18,12.8,37.0,29,1010
15-Aug-2001,0,12.9,39.3,29,1010
15-Aug-2001,6,12.6,41.6,29,1010
15-Aug-2001,12,12.3,43.9,35,1010
15-Aug-2001,18,12.3,46.3,35,1010
16-Aug-2001,0,12.4,48.8,35,1010
16-Aug-2001,6,12.4,51.3,35,1011
16-Aug-2001,12,12.7,53.9,35,1012
16-Aug-2001,18,12.7,57.2,35,1012
17-Aug-2001,0,13.1,60.6,40,1011
17-Aug-2001,6,13.3,62.8,40,1011
17-Aug-2001,12,13.7,64.6,40,1010
17-Aug-2001,18,14.2,66.4,40,1006
18-Aug-2001,0,14.4,68.2,52,1004
18-Aug-2001,6,14.6,70.4,63,1003
18-Aug-2001,12,14.8,72.9,58,1006
18-Aug-2001,18,15.3,75.2,58,1003
19-Aug-2001,0,15.3,77.2,63,1002
19-Aug-2001,6,15.4,78.4,69,997
19-Aug-2001,12,15.7,79.6,69,1004
19-Aug-2001,18,16.2,81.1,63,1005
20-Aug-2001,0,16.7,82.6,58,1007
20-Aug-2001,6,17.1,84.1,58,1008
20-Aug-2001,12,17.5,85.6,58,1007
20-Aug-2001,18,17.9,86.7,63,1006
21-Aug-2001,0,18.1,87.7,69,1000
21-Aug-2001,6,18.2,88.1,63,1000
21-Aug-2001,12,18.4,88.7,52,1002
21-Aug-2001,18,18.6,89.5,40,1006
22-Aug-2001,0,18.7,90.3,29,1007
22-Aug-2001,6,18.4,91.2,29,1008
22-Aug-2001,12,17.9,92.2,29,1009
22-Aug-2001,12,17.9,64.3,52,1010
22-Aug-2001,18,19.1,65.9,58,1009
23-Aug-2001,0,19.8,67.4,58,1010
23-Aug-2001,6,20.7,68.9,58,1010
23-Aug-2001,12,21.6,69.8,35,1012
23-Aug-2001,18,23.0,70.2,29,1012
24-Aug-2001,0,24.6,70.8,29,1013
24-Aug-2001,6,26.6,70.7,29,1013
24-Aug-2001,12,28.6,70.7,29,1012
24-Aug-2001,18,30.3,70.2,29,1012
25-Aug-2001,0,31.5,69.4,29,1011
25-Aug-2001,6,32.7,67.9,29,1011
25-Aug-2001,12,34.0,66.5,29,1010
25-Aug-2001,18,35.0,66.0,29,1008
26-Aug-2001,0,35.0,66.0,29,1008
26-Aug-2001,6,35.0,66.0,29,1008
26-Aug-2001,12,35.2,65.5,29,1008
26-Aug-2001,18,35.5,65.0,35,1004
27-Aug-2001,0,36.3,63.3,46,1001
27-Aug-2001,6,37.7,62.0,58,1000
27-Aug-2001,12,38.9,60.7,63,996
27-Aug-2001,18,40.6,59.4,69,994
28-Aug-2001,0,42.1,57.5,69,995
28-Aug-2001,6,43.5,56.0,63,996
28-Aug-2001,12,44.0,53.4,58,997
28-Aug-2001,18,45.5,50.5,52,998
29-Aug-2001,0,47.0,48.5,52,999
29-Aug-2001,6,49.0,45.0,52,999
29-Aug-2001,12,51.0,40.9,46,1000
01-Sep-2001,18,12.5,34.3,35,1006
02-Sep-2001,0,12.9,35.9,35,1005
02-Sep-2001,6,13.2,37.5,46,1002
02-Sep-2001,12,13.5,39.0,52,1003
02-Sep-2001,18,14.1,40.6,52,1003
03-Sep-2001,0,14.7,42.2,52,1003
03-Sep-2001,6,15.3,43.7,58,1003
03-Sep-2001,12,15.9,45.3,58,1003
03-Sep-2001,18,16.3,47.1,46,1002
04-Sep-2001,0,16.7,48.7,46,1002
04-Sep-2001,6,17.0,50.3,52,1000
04-Sep-2001,12,17.0,52.0,52,1000
04-Sep-2001,18,17.2,53.4,52,1000
05-Sep-2001,0,17.4,54.8,52,1000
05-Sep-2001,6,17.8,55.9,52,1000
05-Sep-2001,12,18.1,57.0,40,1013
05-Sep-2001,18,19.0,57.9,29,1014
06-Sep-2001,0,20.1,58.1,17,1015
06-Sep-2001,6,21.2,58.2,17,1015
06-Sep-2001,12,22.2,58.3,23,1014
06-Sep-2001,18,23.2,58.4,29,1013
07-Sep-2001,0,23.9,58.1,29,1012
07-Sep-2001,6,24.4,57.6,35,1008
07-Sep-2001,12,24.9,57.8,35,1008
07-Sep-2001,18,25.3,58.0,40,1005
08-Sep-2001,0,26.0,58.3,40,1004
08-Sep-2001,6,26.5,58.8,46,999
08-Sep-2001,12,27.2,59.2,52,999
08-Sep-2001,18,28.4,59.8,69,994
09-Sep-2001,0,29.7,60.4,86,987
09-Sep-2001,6,30.6,61.3,104,982
09-Sep-2001,12,31.5,62.2,109,979
09-Sep-2001,18,32.4,62.8,121,968
10-Sep-2001,0,33.3,63.3,121,969
10-Sep-2001,6,34.2,64.1,121,969
10-Sep-2001,12,34.9,64.7,115,969
10-Sep-2001,18,35.7,65.4,104,970
11-Sep-2001,0,36.4,65.7,92,973
11-Sep-2001,6,36.9,65.9,92,976
11-Sep-2001,12,37.4,65.6,92,976
11-Sep-2001,18,37.8,65.1,92,976
12-Sep-2001,0,38.0,64.3,92,976
12-Sep-2001,6,38.0,63.3,86,979
12-Sep-2001,12,37.9,62.6,86,979
12-Sep-2001,18,37.9,62.0,86,979
13-Sep-2001,0,38.1,61.4,86,979
13-Sep-2001,6,38.3,61.0,81,982
13-Sep-2001,12,38.8,60.6,81,982
13-Sep-2001,18,39.6,60.2,81,982
14-Sep-2001,0,40.6,59.3,81,982
14-Sep-2001,6,42.0,58.1,75,987
14-Sep-2001,12,43.3,56.7,75,987
14-Sep-2001,18,44.7,55.2,75,984
15-Sep-2001,0,46.7,52.7,69,981
15-Sep-2001,6,49.0,51.0,69,981
15-Sep-2001,12,52.0,49.0,63,978
15-Sep-2001,18,55.0,47.5,63,976
16-Sep-2001,0,58.0,46.0,63,972
16-Sep-2001,6,60.0,44.5,63,976
16-Sep-2001,12,61.5,42.0,63,981