latitude longitude elevation
  71.2083  42.4049   2079.00
  71.2250  42.4049   2007.00
  71.2417  42.4049   2169.00
  71.2583  42.4049   2373.00
  71.2750  42.4049   2279.00
  71.2917  42.4049   2375.00
  71.3083  42.4049   2213.00
  71.3250  42.4049   2065.00
  71.3417  42.4049   1933.00
  71.3583  42.4049   2081.00
  71.3750  42.4049   2269.00
  71.3917  42.4049   2191.00
  71.4083  42.4049   2065.00
  71.2083  42.3925   2223.00
  71.2250  42.3925   2131.00
  71.2417  42.3925   2353.00
  71.2583  42.3925   2583.00
  71.2750  42.3925   2581.00
  71.2917  42.3925   2391.00
  71.3083  42.3925   2441.00
  71.3250  42.3925   2381.00
  71.3417  42.3925   2013.00
  71.3583  42.3925   2287.00
  71.3750  42.3925   2515.00
  71.3917  42.3925   2215.00
  71.4083  42.3925   1969.00
  71.2083  42.3802   2241.00
  71.2250  42.3802   2369.00
  71.2417  42.3802   2675.00
  71.2583  42.3802   2825.00
  71.2750  42.3802   2513.00
  71.2917  42.3802   2609.00
  71.3083  42.3802   2605.00
  71.3250  42.3802   2237.00
  71.3417  42.3802   2095.00
  71.3583  42.3802   2393.00
  71.3750  42.3802   2347.00
  71.3917  42.3802   2105.00
  71.4083  42.3802   2001.00
  71.2083  42.3679   2173.00
  71.2250  42.3679   2653.00
  71.2417  42.3679   2907.00
  71.2583  42.3679   2679.00
  71.2750  42.3679   2741.00
  71.2917  42.3679   2865.00
  71.3083  42.3679   2519.00
  71.3250  42.3679   2147.00
  71.3417  42.3679   2401.00
  71.3583  42.3679   2569.00
  71.3750  42.3679   2335.00
  71.3917  42.3679   2265.00
  71.4083  42.3679   2165.00
  71.2083  42.3556   2301.00
  71.2250  42.3556   2687.00
  71.2417  42.3556   2857.00
  71.2583  42.3556   2811.00
  71.2750  42.3556   3081.00
  71.2917  42.3556   2721.00
  71.3083  42.3556   2297.00
  71.3250  42.3556   2347.00
  71.3417  42.3556   2779.00
  71.3583  42.3556   2843.00
  71.3750  42.3556   2545.00
  71.3917  42.3556   2309.00
  71.4083  42.3556   1987.00
  71.2083  42.3433   2457.00
  71.2250  42.3433   2903.00
  71.2417  42.3433   3007.00
  71.2583  42.3433   2929.00
  71.2750  42.3433   2721.00
  71.2917  42.3433   2421.00
  71.3083  42.3433   2481.00
  71.3250  42.3433   2421.00
  71.3417  42.3433   2655.00
  71.3583  42.3433   2757.00
  71.3750  42.3433   2447.00
  71.3917  42.3433   2223.00
  71.4083  42.3433   2041.00
  71.2083  42.3310   2595.00
  71.2250  42.3310   2815.00
  71.2417  42.3310   3205.00
  71.2583  42.3310   3081.00
  71.2750  42.3310   2579.00
  71.2917  42.3310   2695.00
  71.3083  42.3310   2913.00
  71.3250  42.3310   2649.00
  71.3417  42.3310   2709.00
  71.3583  42.3310   2775.00
  71.3750  42.3310   2523.00
  71.3917  42.3310   2229.00
  71.4083  42.3310   2079.00
  71.2083  42.3187   2807.00
  71.2250  42.3187   2913.00
  71.2417  42.3187   3243.00
  71.2583  42.3187   3051.00
  71.2750  42.3187   2689.00
  71.2917  42.3187   3039.00
  71.3083  42.3187   3189.00
  71.3250  42.3187   2929.00
  71.3417  42.3187   3193.00
  71.3583  42.3187   3147.00
  71.3750  42.3187   2721.00
  71.3917  42.3187   2485.00
  71.4083  42.3187   2341.00
  71.2083  42.3063   3195.00
  71.2250  42.3063   3225.00
  71.2417  42.3063   3353.00
  71.2583  42.3063   3017.00
  71.2750  42.3063   2901.00
  71.2917  42.3063   3509.00
  71.3083  42.3063   3393.00
  71.3250  42.3063   3335.00
  71.3417  42.3063   3533.00
  71.3583  42.3063   3319.00
  71.3750  42.3063   2743.00
  71.3917  42.3063   2839.00
  71.4083  42.3063   2433.00
  71.2083  42.2940   3419.00
  71.2250  42.2940   3589.00
  71.2417  42.2940   3231.00
  71.2583  42.2940   3001.00
  71.2750  42.2940   3009.00
  71.2917  42.2940   3399.00
  71.3083  42.2940   3673.00
  71.3250  42.2940   3623.00
  71.3417  42.2940   3649.00
  71.3583  42.2940   3387.00
  71.3750  42.2940   3083.00
  71.3917  42.2940   2965.00
  71.4083  42.2940   2511.00
  71.2083  42.2817   3677.00
  71.2250  42.2817   3621.00
  71.2417  42.2817   3227.00
  71.2583  42.2817   3403.00
  71.2750  42.2817   3485.00
  71.2917  42.2817   3565.00
  71.3083  42.2817   3485.00
  71.3250  42.2817   3373.00
  71.3417  42.2817   3269.00
  71.3583  42.2817   3169.00
  71.3750  42.2817   3027.00
  71.3917  42.2817   2961.00
  71.4083  42.2817   2697.00
  71.2083  42.2693   3889.00
  71.2250  42.2693   3583.00
  71.2417  42.2693   3453.00
  71.2583  42.2693   3715.00
  71.2750  42.2693   4085.00
  71.2917  42.2693   3567.00
  71.3083  42.2693   3325.00
  71.3250  42.2693   3273.00
  71.3417  42.2693   3161.00
  71.3583  42.2693   3035.00
  71.3750  42.2693   2803.00
  71.3917  42.2693   2577.00
  71.4083  42.2693   2465.00
  71.2083  42.2570   3927.00
  71.2250  42.2570   3505.00
  71.2417  42.2570   3777.00
  71.2583  42.2570   3965.00
  71.2750  42.2570   4049.00
  71.2917  42.2570   3483.00
  71.3083  42.2570   3783.00
  71.3250  42.2570   3513.00
  71.3417  42.2570   3181.00
  71.3583  42.2570   3041.00
  71.3750  42.2570   2953.00
  71.3917  42.2570   2799.00
  71.4083  42.2570   2627.00
  71.2083  42.2447   3819.00
  71.2250  42.2447   3595.00
  71.2417  42.2447   3713.00
  71.2583  42.2447   4047.00
  71.2750  42.2447   3781.00
  71.2917  42.2447   3625.00
  71.3083  42.2447   3875.00
  71.3250  42.2447   3651.00
  71.3417  42.2447   3223.00
  71.3583  42.2447   3201.00
  71.3750  42.2447   3443.00
  71.3917  42.2447   3287.00
  71.4083  42.2447   2991.00
  71.2083  42.2323   3997.00
  71.2250  42.2323   3815.00
  71.2417  42.2323   3923.00
  71.2583  42.2323   3973.00
  71.2750  42.2323   3715.00
  71.2917  42.2323   3875.00
  71.3083  42.2323   3845.00
  71.3250  42.2323   3539.00
  71.3417  42.2323   3407.00
  71.3583  42.2323   3355.00
  71.3750  42.2323   3601.00
  71.3917  42.2323   3649.00
  71.4083  42.2323   3349.00
  71.2083  42.2200   3851.00
  71.2250  42.2200   3991.00
  71.2417  42.2200   4035.00
  71.2583  42.2200   3957.00
  71.2750  42.2200   3757.00
  71.2917  42.2200   3939.00
  71.3083  42.2200   3677.00
  71.3250  42.2200   3487.00
  71.3417  42.2200   3593.00
  71.3583  42.2200   3511.00
  71.3750  42.2200   3641.00
  71.3917  42.2200   3789.00
  71.4083  42.2200   3425.00
  71.2083  42.2076   3637.00
  71.2250  42.2076   3789.00
  71.2417  42.2076   4037.00
  71.2583  42.2076   4093.00
  71.2750  42.2076   3937.00
  71.2917  42.2076   3787.00
  71.3083  42.2076   3673.00
  71.3250  42.2076   3643.00
  71.3417  42.2076   3619.00
  71.3583  42.2076   3589.00
  71.3750  42.2076   3723.00
  71.3917  42.2076   3771.00
  71.4083  42.2076   3551.00
  71.2083  42.1953   3563.00
  71.2250  42.1953   3703.00
  71.2417  42.1953   3741.00
  71.2583  42.1953   3939.00
  71.2750  42.1953   3903.00
  71.2917  42.1953   3641.00
  71.3083  42.1953   3453.00
  71.3250  42.1953   3319.00
  71.3417  42.1953   3221.00
  71.3583  42.1953   3151.00
  71.3750  42.1953   3359.00
  71.3917  42.1953   3653.00
  71.4083  42.1953   3833.00